function K = lqr_k(L0)
%LQR_K
%    K = LQR_K(L0)

%    This function was generated by the Symbolic Math Toolbox version 9.2.
%    06-Apr-2023 16:53:50

t2 = L0.^2;
t3 = L0.^3;
mt1 = [L0.*(-9.089124101436479)-t2.*6.940498993371631e+1+t3.*1.046706148416262e+2-4.240775295934709e-2];
mt2 = [L0.*(-5.024077144134695)+t2.*3.833069787208738e+1-t3.*9.581508330713076e+1-4.202562318691073e-2];
mt3 = [L0.*(-3.231501966738164e-1)-t2.*8.575276256142623e-1+t3.*1.073470975099324-1.232728337562466e-4];
mt4 = [L0.*(-5.556521762941756e-2)+t2.*5.785831898424437e-1-t3.*1.764726489800717-9.403198256211205e-4];
mt5 = [L0.*(-1.75999982988527)-t2.*1.085833423589522e+1+t3.*2.289380727017553e+1+5.390483831143218e-2];
mt6 = [L0.*(-5.330008210055143e-1)+t2.*2.607435809404303-t3.*4.8067847271363+5.295462166295722e-2];
mt7 = [L0.*(-1.14663780409546)-t2.*7.268757928780106+t3.*1.545586318046489e+1+2.698873947390721e-2];
mt8 = [L0.*(-2.969100277423924e-1)+t2.*1.506796503345294-t3.*2.814762496650853+2.680101994550762e-2];
mt9 = [L0.*(-2.27517523878082)+t2.*1.515996881857327e+1-t3.*3.683436745305168e+1+6.712193714200323e-1];
mt10 = [L0.*1.987585331838975-t2.*1.14747383682734e+1+t3.*2.591096580761981e+1+6.885967598557673e-1];
mt11 = [L0.*(-1.670368331325459e-1)+t2.*1.512445317013184-t3.*4.058723220560301+6.208905993236844e-2];
mt12 = [L0.*8.893393367776216e-2-t2.*5.677346197211242e-1+t3.*1.342771222065832+6.400103187452311e-2];
K = reshape([mt1,mt2,mt3,mt4,mt5,mt6,mt7,mt8,mt9,mt10,mt11,mt12],2,6);
