function K = lqr_k(L0)
%LQR_K
%    K = LQR_K(L0)

%    This function was generated by the Symbolic Math Toolbox version 9.2.
%    18-Jul-2023 00:51:31

t2 = L0.^2;
t3 = L0.^3;
mt1 = [L0.*(-5.126991380196162)-t2.*3.991388867291207e+1+t3.*7.860447805125654e+1+2.480998544325396e-2];
mt2 = [L0.*1.641856077686523e-2+t2.*6.125917721992718e-2-t3.*3.621574295474152e-1-2.012885459933266e-3];
mt3 = [L0.*(-7.138184021122035e-1)-t2.*7.752864657531594+t3.*9.914464208320304+6.339958822075569e-3];
mt4 = [L0.*2.598467030390104e-3-t2.*5.330480346213592e-3+t3.*8.096460807167376e-3-1.809641657435409e-5];
mt5 = [L0.*(-2.538932550843302)-t2.*1.391236665767639e+1+t3.*3.900283589932653e+1+2.720156782574435e-2];
mt6 = [L0.*(-3.220257944972706e-2)+t2.*2.173999389707158e-1-t3.*5.654841252418429e-1+3.976782027053733e-3];
mt7 = [L0.*(-2.330144966025284)-t2.*1.092142163310129e+1+t3.*2.793115239202604e+1+1.581329403874648e-2];
mt8 = [L0.*8.784508831905395e-3-t2.*4.800661687059873e-2+t3.*1.089192101634851e-1+3.841540294269537e-4];
mt9 = [L0.*(-2.01008434091536e+1)+t2.*1.286165933939939e+2-t3.*3.228861698470031e+2+1.639137670391309];
mt10 = [L0.*2.129654558241931e-1-t2.*1.61672432957469+t3.*4.405391731571748+1.9640865609757];
mt11 = [L0.*(-7.070696115116452e-1)+t2.*4.591316876933686-t3.*1.160473605985421e+1+6.021656215297832e-2];
mt12 = [L0.*3.493240214123524e-3-t2.*2.625587214283516e-2+t3.*7.127268389081669e-2+7.219094918422932e-2];
K = reshape([mt1,mt2,mt3,mt4,mt5,mt6,mt7,mt8,mt9,mt10,mt11,mt12],2,6);
